QN 00001 
QU What are the effects of calcium on the physical properties of mucus
   from CF patients? 
NR 00034
RD  139 1222  151 2211  166 0001  311 0001  370 1010  392 0001  439 0001
    440 0011  441 2122  454 0100  461 1121  502 0002  503 1000  505 0001
    520 1010  522 0001  526 1011  527 1001  533 2222  593 1000  619 0001
    737 0100  742 0100  789 0001  827 0010  835 0001  861 0001  875 1121
    891 0001  921 1010  922 1010 1175 0100 1185 0001 1222 0001
 
QN 00002 
QU Can one distinguish between the effects of mucus hypersecretion and
   infection on the submucosal glands of the respiratory tract in CF?
NR 00007
RD  169 1000  434 1001  454 0100  498 1000  499 1000  592 0002  875 1011
 
QN 00003
QU How are salivary glycoproteins from CF patients different from those of
   normal subjects?
NR 00043
RD   23 1000   40 0010  139 2122  190 0001  221 0001  246 0001  309 1000
    311 0011  325 0001  345 0010  347 0010  356 0010  370 1001  374 0001
    375 2221  439 0001  440 1120  454 1220  515 1000  520 0010  524 0010
    526 1010  527 1220  533 0001  535 0010  560 0010  561 0001  571 0010
    584 0010  604 0002  623 0010  633 2222  733 1000  742 1010  854 0100
    856 2112  950 0010  967 0001 1144 1111 1161 0001 1172 1000 1175 0001
   1196 0002
   
QN 00004
QU What is the lipid composition of CF respiratory secretions?
NR 00009
RD  503 0001  538 0100  539 0100  540 0100  553 0001  604 2222  669 1010
    711 2122  876 2222
 
QN 00005
QU Is CF mucus abnormal?
NR 00131
RD   23 2220   47 2221   50 0001   60 0001  114 0011  132 0001  135 0001
    139 0010  151 2222  169 0001  189 0001  190 0001  197 0001  200 0001
    226 0001  256 2211  265 0010  297 0001  298 0001  299 0001  311 0001
    312 0001  325 1011  333 0001  343 0002  347 0012  349 0001  369 0001
    370 1211  371 0001  374 2222  386 1001  392 0001  410 0001  420 0001
    427 0001  428 0001  430 1001  434 0001  437 0001  439 2222  440 0010
    441 0001  450 0001  461 2120  465 1002  478 0001  496 2120  497 2121
    498 1122  499 2122  500 1012  501 0100  502 0100  503 2221  505 0001
    511 1101  513 0010  516 1010  520 1000  524 1010  531 0001  533 2211
    549 0001  553 1001  559 0001  561 0010  568 0001  590 0001  592 1001
    593 2222  604 0002  605 0100  633 2122  669 0010  701 0001  702 1000
    710 2212  711 0002  722 0001  724 0002  729 0001  731 0002  733 0002
    750 0100  761 0001  763 0001  772 0100  779 0001  788 0001  805 2211
    843 0002  845 0001  856 2121  857 1000  861 1212  864 0001  867 0101
    875 2222  876 0002  888 0002  889 0002  895 2210  925 0001  935 0001
    943 0001  944 0001  975 2112  980 2120  982 0002  990 0002 1000 0002
   1019 0001 1038 0001 1040 0001 1064 2220 1076 0001 1080 0001 1088 0001
   1091 0001 1092 0002 1093 0002 1098 0001 1144 2111 1156 0001 1175 1120
   1185 0001 1188 0001 1196 1000 1223 0001 1226 0001
 
QN 00006 
QU What is the effect of water or other therapeutic agents on the physical
   properties (viscosity, elasticity) of sputum or bronchial secretions
   from CF patients?
NR 00024
RD   25 0010   31 2222   90 1000  195 0100  326 0001  370 0110  438 0001
    440 0010  441 1000  503 1220  511 0010  586 0001  592 1010  593 1000
    722 0001  731 0001  734 0002  805 1000  875 1120  922 0010  963 1000
    975 1010 1092 0001 1093 0002
 
QN 00007
QU Are mucus glycoproteins degraded differently in CF patients as compared
   to those from normal subjects?
NR 00028
RD   45 0100   53 0001  166 0002  171 0001  256 0101  370 0001  371 2122
    386 0001  410 0100  439 0101  535 0001  623 2121  633 0100  634 0100
    640 0010  669 0010  831 0100  853 0100  856 2111  857 0100  921 0010
   1027 0100 1054 1100 1056 0100 1057 0100 1059 0100 1064 1120 1161 0001
 
QN 00008
QU What histochemical differences have been described between normal and
   CF respiratory epithelia?
NR 00022
RD   23 2112  169 1000  322 0100  370 1000  386 1000  435 0001  439 1100
    463 0001  496 1000  497 0001  498 1000  499 1122  503 0001  605 0001
    683 2220  710 1000  750 0010  771 1000  867 1000  875 0001  944 0001
   1125 2220
 
QN 00009
QU What is the association between liver disease (cirrhosis) and vitamin A
   metabolism in CF?
NR 00010
RD  165 1122  174 0001  362 0001  370 0001  414 2222  443 0100  794 2110
    992 1010 1040 0001 1115 0102
 
QN 00010
QU What is the role of Vitamin E in the therapy of patients with CF?
NR 00025
RD   30 2112  126 1001  157 2222  170 1112  296 1212  301 0001  322 0001
    370 1100  413 2222  443 1120  581 2222  676 2122  715 0010  722 0001
    728 1101  758 1000  782 1010  835 0010  878 2122  941 1000 1115 1222
   1215 0010 1218 2122 1234 0001 1239 1101
 
QN 00011 
QU What is the difference between meconium ileus and meconium plug
   syndrome?
NR 00022
RD   36 0001   46 0001   96 2210  186 1000  301 1000  428 1002  518 2110
    649 0010  652 0001  659 0010  772 1010  796 2222  798 2212  799 0010
    835 1000  837 0001  908 1000  909 2222  991 2222 1119 0100 1178 1000
   1226 0002
 
QN 00012 
QU What abnormalities of amino acid transport have been described in the
   small bowel of CF patients?
NR 00007
RD   70 2212  181 0001  443 2120  466 2220  755 0010  918 1000 1115 0001
 
QN 00013 
QU What are the clinical or biochemical features of pancreatitis in CF
   patients?
NR 00024
RD  156 2112  301 1112  314 2222  322 1220  370 0100  443 1120  462 1010
    522 0100  643 1000  695 1220  715 0010  719 0010  722 0001  763 0101
    764 0001  791 2211  822 0001  900 0100  902 1101  978 1000 1017 0010
   1033 0001 1097 0001 1124 0002
 
QN 00014 
QU What non-invasive tests can be performed for the evaluation of exocrine
   pancreatic function in patients with CF?
NR 00055
RD    5 1100   89 0100   92 0001  131 2212  135 0001  150 2222  156 1000
    203 0010  232 0010  233 1122  234 1121  291 0001  297 0001  314 1000
    319 0010  344 2112  345 2210  356 0001  367 2210  370 1110  379 0001
    405 2112  413 0001  417 1211  419 0002  421 0001  424 0001  462 2212
    465 1102  492 1000  584 1001  602 1011  616 2120  635 2122  662 0100
    695 0010  719 0011  777 1012  791 2122  809 0010  815 2222  852 2222
    889 0001  899 2222  930 0002  941 1011 1000 0001 1008 2220 1013 0011
   1100 2222 1117 2220 1124 2122 1135 1002 1206 1000 1234 1001
 
QN 00015 
QU What are the hepatic complications or manifestations of CF?
NR 00104
RD   17 0001   59 2122   63 1000   72 0001   91 0001   95 0001   97 0001
     98 0001   99 2112  135 0001  149 1011  174 2220  197 1001  204 2222
    205 2212  226 0002  232 0100  238 0001  266 2222  297 0001  301 2122
    322 2122  339 2212  350 0001  354 0001  355 2112  364 1112  370 2111
    385 2222  398 0011  408 0100  410 1102  413 0100  414 0100  420 0001
    422 2222  423 2221  424 0010  426 0001  434 0001  443 2222  474 1120
    545 1212  549 2112  550 0001  601 2122  603 0011  611 0001  642 1010
    643 0001  657 0001  673 0001  690 2121  700 2212  720 2222  722 1122
    724 0001  725 1010  729 0001  731 0001  735 0001  747 1010  752 2212
    763 1102  764 1001  767 0001  792 0010  794 1000  816 0001  822 0002
    833 0001  837 0001  844 0002  853 1000  854 1101  857 1000  863 1001
    870 2222  875 0001  888 0001  889 0001  900 1001  944 1002  990 0002
    993 1000  994 1221 1000 1002 1013 1001 1016 1001 1027 0010 1033 0001
   1040 0002 1093 0001 1098 0002 1115 0002 1162 0012 1184 2222 1187 0001
   1192 2222 1195 0001 1226 0002 1232 0001 1234 0001 1235 2220
 
QN 00016 
QU What are the gastrointestinal complications of CF after the neonatal
   period (exclude liver disease and meconium ileus)?
NR 00180
RD    5 0001   10 0001   17 0001   36 0010   41 0110   46 1111   69 0002
     72 0001   89 2222   92 0010   95 2222   97 1000   98 1000  126 0001
    129 2120  130 0001  132 0001  134 1000  135 0012  148 0001  150 1000
    168 0001  181 1011  182 2222  186 2122  189 0001  197 1000  202 1000
    205 0001  212 0001  225 0001  226 0002  238 0011  240 2210  255 0001
    288 0001  290 0001  292 0001  297 0001  298 1001  301 2222  314 2120
    320 0001  322 1122  330 0001  331 0001  333 1001  350 0011  357 0001
    359 0012  364 2112  370 2112  376 2220  386 0001  396 2222  398 1010
    413 0001  421 1000  424 1012  428 1002  434 0010  443 2222  462 0010
    466 1222  468 2121  472 0010  473 0001  475 2122  478 0011  489 0001
    490 0001  510 0001  512 0010  518 1011  522 2110  550 0012  553 0001
    559 0001  581 0001  582 1010  586 0001  594 2220  615 0001  616 0001
    641 1012  642 1102  643 0011  649 2122  656 0001  657 1001  658 1001
    659 2122  660 1001  662 1001  673 0001  676 0002  708 1000  709 1000
    711 0001  715 0001  719 1001  722 1122  723 0001  724 0001  725 0001
    727 1222  729 0001  730 0001  731 0002  735 0001  755 1011  756 1111
    758 0001  762 0010  763 1102  764 0002  767 0001  770 1100  772 2122
    783 1000  791 1001  797 0001  799 2222  809 1000  810 0001  816 0011
    822 0002  834 2222  835 0001  837 0001  844 0002  867 0010  870 0001
    872 2210  875 0001  882 0002  888 0002  889 0002  893 0001  896 1000
    901 2210  902 1010  919 0001  928 1000  932 0001  935 1111  937 1001
    938 0001  941 0001  943 0011  944 1001  970 0010  974 0010  984 1010
    990 0001  991 1000  993 1122  994 0010 1000 1002 1002 1010 1016 1011
   1017 2211 1023 0002 1033 0001 1037 0001 1051 1000 1066 0001 1076 0001
   1080 0002 1098 0002 1101 0002 1115 0002 1135 0001 1154 1012 1158 0001
   1189 0001 1192 1111 1226 1220 1232 0001 1234 1001
 
QN 00017 
QU What is the most effective regimen for the use of pancreatic enzyme
   supplements in the treatment of CF patients?
NR 00055
RD   49 2122   89 2120  101 0010  128 0001  132 0001  135 0001  153 0002
    189 0001  233 0010  238 0001  297 0001  298 0001  301 0002  330 0001
    333 0001  357 1111  359 1102  370 0111  428 1002  443 1100  450 0010
    506 0010  643 0011  660 0010  662 2120  688 2221  722 0001  729 0001
    730 0011  731 0002  735 0002  791 1122  810 2112  816 0012  837 0001
    839 0001  845 0001  882 0002  889 0002  897 1000  937 0001  938 0001
    941 1001  944 1001 1000 0001 1023 0001 1040 0001 1069 0001 1080 0001
   1088 0002 1101 2221 1103 1120 1115 0001 1187 0001 1234 0001
 
QN 00018 
QU Is dietary supplementation with bile salts of therapeutic benefit to CF
   patients?
NR 00021
RD  129 2122  153 0001  205 2120  226 0002  364 0100  370 1010  414 0002
    424 1110  443 0010  642 1000  656 1001  657 1010  658 1010  660 1010
    725 1110  816 1000  935 1010  993 1110  994 1000 1016 2110 1162 1100
   
QN 00019 
QU What complications of pancreatic enzyme therapy have been reported in
   CF patients?
NR 00022
RD   21 2220   49 0001  359 1011  370 1100  398 0001  432 2121  455 0010
    487 2222  506 2222  618 2222  626 2222  672 2212  688 2222  693 2222
    897 2222  936 0010  944 0001 1000 0001 1049 2221 1103 2222 1129 0001
   1205 0001
 
QN 00020 
QU What is the effect of treatment of CF patients with essential fatty
   acid supplements?
NR 00046
RD  126 2112  133 0002  153 0002  181 0010  207 2122  208 2122  220 2221
    278 2111  283 1100  286 2111  287 2111  288 1100  290 2111  292 2111
    370 0110  443 0010  538 2122  539 2111  540 2222  544 2111  604 0100
    643 0001  711 1210  715 1011  731 0001  758 2222  767 0100  791 0001
    823 2222  824 1001  882 0002  919 1000  924 2222  928 1000  944 0001
    962 2222  970 1001 1066 2222 1080 0010 1115 2222 1168 2222 1189 0001
   1213 2222 1215 2222 1234 1001 1239 1120
 
